1.00223	536
1.00563	1072
1.01161	1608
1.01993	2144
1.02825	2680
1.03657	3216
1.04489	3752
1.05321	4288
1.06153	4824
1.06985	5360
1.07817	5896
1.08649	6432
1.09481	6968
1.10313	7504
1.11145	8040
1.11977	8576
1.12809	9112
1.13641	9648
1.14473	10184
1.15305	10720
1.16137	11256
1.16969	11792
1.17801	12328
1.18633	12864
1.19465	13400
1.20297	13936
1.21129	14472
1.21961	15008
1.22793	15544
1.23625	16080
1.24457	16616
1.25289	17152
1.26121	17688
1.26953	18224
1.27785	18760
1.28617	19296
1.29449	19832
1.30281	20368
1.31113	20904
1.31945	21440
1.32777	21976
1.33609	22512
1.34441	23048
1.35273	23584
1.36105	24120
1.36937	24656
1.37769	25192
1.38601	25728
1.39433	26264
1.40265	26800
1.41097	27336
1.41929	27872
1.42761	28408
1.43593	28944
1.44425	29480
1.45257	30016
1.46089	30552
1.46921	31088
1.47753	31624
1.48585	32160
1.49417	32696
1.50249	33232
1.51081	33768
1.51913	34304
1.52745	34840
1.53577	35376
1.54409	35912
1.55241	36448
1.56073	36984
1.56905	37520
1.57737	38056
1.58569	38592
1.59401	39128
1.60233	39664
1.61065	40200
1.61897	40736
1.62729	41272
1.63561	41808
1.64393	42344
1.65225	42880
1.66057	43416
1.66889	43952
1.67721	44488
1.68553	45024
1.69385	45560
1.70217	46096
1.71049	46632
1.71881	47168
1.72713	47704
1.73545	48240
1.74377	48776
1.75209	49312
1.76041	49848
1.76873	50384
1.77705	50920
1.78537	51456
1.79369	51992
1.80201	52528
1.81033	53064
1.81865	53600
1.82697	54136
1.83529	54672
1.84361	55208
1.85193	55744
1.86025	56280
1.86857	56816
1.87689	57352
1.88521	57888
1.89353	58424
1.90185	58960
1.91017	59496
1.91849	60032
1.92681	60568
1.93513	61104
1.94345	61640
1.95177	62176
1.96009	62712
1.96841	63248
1.97673	63784
1.98505	64320
1.99337	64856
2.00169	65392
2.01001	65928
2.01833	66464
2.02665	67000
2.03497	67536
2.04329	68072
2.05161	68608
2.05993	69144
2.06825	69680
2.07657	70216
2.08489	70752
2.09321	71288
2.10153	71824
2.10985	72360
2.11817	72896
2.12649	73432
2.13481	73968
2.14313	74504
2.15145	75040
2.15977	75576
2.16809	76112
2.17641	76648
2.18473	77184
2.19305	77720
2.20137	78256
2.20969	78792
2.21801	79328
2.22633	79864
2.23465	80400
2.24297	80936
2.25129	81472
2.25961	82008
2.26793	82544
2.27625	83080
2.28457	83616
2.29289	84152
2.30121	84688
2.30953	85224
2.31785	85760
2.32617	86296
2.33449	86832
2.34281	87368
2.35113	87904
2.35945	88440
2.36777	88976
2.37609	89512
2.38441	90048
2.39273	90584
2.40105	91120
2.40937	91656
2.41769	92192
2.42601	92728
2.43433	93264
2.44265	93800
2.45097	94336
2.45929	94872
2.46761	95408
2.47593	95944
2.48425	96480
2.49257	97016
2.50089	97552
2.50921	98088
2.51753	98624
2.52585	99160
2.53417	99696
2.54249	100232
2.55081	100768
2.55913	101304
2.56745	101840
2.57577	102376
2.58409	102912
2.59241	103448
2.60073	103984
2.60905	104520
2.61737	105056
2.62569	105592
2.63401	106128
2.64233	106664
2.65065	107200
2.65897	107736
2.66729	108272
2.67561	108808
2.68393	109344
2.69225	109880
2.70057	110416
2.70889	110952
2.71721	111488
2.72553	112024
2.73385	112560
2.74217	113096
2.75049	113632
2.75881	114168
2.76713	114704
2.77545	115240
2.78377	115776
2.79209	116312
2.80041	116848
2.80873	117384
2.81705	117920
2.82537	118456
2.83369	118992
2.84201	119528
2.85033	120064
2.85865	120600
2.86697	121136
2.87529	121672
2.88361	122208
2.89193	122744
2.90025	123280
2.90857	123816
2.91689	124352
2.92521	124888
2.93353	125424
2.94185	125960
2.95017	126496
2.95849	127032
2.96681	127568
2.97513	128104
2.98345	128640
2.99177	129176
3.00009	129712
3.00841	130248
3.01673	130784
3.02505	131320
3.03337	131856
3.04169	132392
3.05001	132928
3.05833	133464
3.06665	134000
3.07497	134536
3.08329	135072
3.09161	135608
3.09993	136144
3.10825	136680
3.11657	137216
3.12489	137752
3.13321	138288
3.14153	138824
3.14985	139360
3.15817	139896
3.16649	140432
3.17481	140968
3.18313	141504
3.19145	142040
3.19977	142576
3.20809	143112
3.21641	143648
3.22473	144184
3.23305	144720
3.24137	145256
3.24969	145792
3.25801	146328
3.26633	146864
3.27465	147400
3.28297	147936
3.29129	148472
3.29961	149008
3.30793	149544
3.31625	150080
3.32457	150616
3.33289	151152
3.34121	151688
3.34953	152224
3.35785	152760
3.36617	153296
3.37449	153832
3.38281	154368
3.39113	154904
3.39945	155440
3.40777	155976
3.41609	156512
3.42441	157048
3.43273	157584
3.44105	158120
3.44937	158656
3.45769	159192
3.46601	159728
3.47433	160264
3.48265	160800
3.49097	161336
3.49929	161872
3.50761	162408
3.51593	162944
3.52425	163480
3.53257	164016
3.54089	164552
3.54921	165088
3.55753	165624
3.56585	166160
3.57417	166696
3.58249	167232
3.59081	167768
3.59913	168304
3.60745	168840
3.61577	169376
3.62409	169912
3.63241	170448
3.64073	170984
3.64905	171520
3.65737	172056
3.66569	172592
3.67401	173128
3.68233	173664
3.69065	174200
3.69897	174736
3.70729	175272
3.71561	175808
3.72393	176344
3.73225	176880
3.74057	177416
3.74889	177952
3.75721	178488
3.76553	179024
3.77385	179560
3.78217	180096
3.79049	180632
3.79881	181168
3.80713	181704
3.81545	182240
3.82377	182776
3.83209	183312
3.84041	183848
3.84873	184384
3.85705	184920
3.86537	185456
3.87369	185992
3.88201	186528
3.89033	187064
3.89865	187600
3.90697	188136
3.91529	188672
3.92361	189208
3.93193	189744
3.94025	190280
3.94857	190816
3.95689	191352
3.96521	191888
3.97353	192424
3.98185	192960
3.99017	193496
3.99849	194032
4.00681	194568
4.01513	195104
4.02345	195640
4.03177	196176
4.04009	196712
4.04841	197248
4.05673	197784
4.06505	198320
4.07337	198856
4.08169	199392
4.09001	199928
4.09833	200464
4.10665	201000
4.11497	201536
4.12329	202072
4.13161	202608
4.13993	203144
4.14825	203680
4.15657	204216
4.16489	204752
4.17321	205288
4.18153	205824
4.18985	206360
4.19817	206896
4.20649	207432
4.21481	207968
4.22313	208504
4.23145	209040
4.23977	209576
4.24809	210112
4.25641	210648
4.26473	211184
4.27305	211720
4.28137	212256
4.28969	212792
4.29801	213328
4.30633	213864
4.31465	214400
4.32297	214936
4.33129	215472
4.33961	216008
4.34793	216544
4.35625	217080
4.36457	217616
4.37289	218152
4.38121	218688
4.38953	219224
4.39785	219760
4.40617	220296
4.41449	220832
4.42281	221368
4.43113	221904
4.43945	222440
4.44777	222976
4.45609	223512
4.46441	224048
4.47273	224584
4.48105	225120
4.48937	225656
4.49769	226192
4.50601	226728
4.51433	227264
4.52265	227800
4.53097	228336
4.53929	228872
4.54761	229408
4.55593	229944
4.56425	230480
4.57257	231016
4.58089	231552
4.58921	232088
4.59753	232624
4.60585	233160
4.61417	233696
4.62249	234232
4.63081	234768
4.63913	235304
4.64745	235840
4.65577	236376
4.66409	236912
4.67241	237448
4.68073	237984
4.68905	238520
4.69737	239056
4.70569	239592
4.71401	240128
4.72233	240664
4.73065	241200
4.73897	241736
4.74729	242272
4.75561	242808
4.76393	243344
4.77225	243880
4.78057	244416
4.78889	244952
4.79721	245488
4.80553	246024
4.81385	246560
4.82217	247096
4.83049	247632
4.83881	248168
4.84713	248704
4.85545	249240
4.86377	249776
4.87209	250312
4.88041	250848
4.88873	251384
4.89705	251920
4.90537	252456
4.91369	252992
4.92201	253528
4.93033	254064
4.93865	254600
4.94697	255136
4.95529	255672
4.96361	256208
4.97193	256744
4.98025	257280
4.98857	257816
4.99689	258352
5.00521	258888
5.01353	259424
5.02185	259960
5.03017	260496
5.03849	261032
5.04681	261568
5.05513	262104
5.06345	262640
5.07177	263176
5.08009	263712
5.08841	264248
5.09673	264784
5.10505	265320
5.11337	265856
5.12169	266392
5.13001	266928
5.13833	267464
5.14665	268000
5.15497	268536
5.16329	269072
5.17161	269608
5.17993	270144
5.18825	270680
5.19657	271216
5.20489	271752
5.21321	272288
5.22153	272824
5.22985	273360
5.23817	273896
5.24649	274432
5.25481	274968
5.26313	275504
5.27145	276040
5.27977	276576
5.28809	277112
5.29641	277648
5.30473	278184
5.31305	278720
5.32137	279256
5.32969	279792
5.33801	280328
5.34633	280864
5.35465	281400
5.36297	281936
5.37129	282472
5.37961	283008
5.38793	283544
5.39625	284080
5.40457	284616
5.41289	285152
5.42121	285688
5.42953	286224
5.43785	286760
5.44617	287296
5.45449	287832
5.46281	288368
5.47113	288904
5.47945	289440
5.48777	289976
5.49609	290512
5.50441	291048
5.51273	291584
5.52105	292120
5.52937	292656
5.53769	293192
5.54601	293728
5.55433	294264
5.56265	294800
5.57097	295336
5.57929	295872
5.58761	296408
5.59593	296944
5.60425	297480
5.61257	298016
5.62089	298552
5.62921	299088
5.63753	299624
5.64585	300160
5.65417	300696
5.66249	301232
5.67081	301768
5.67913	302304
5.68745	302840
5.69577	303376
5.70409	303912
5.71241	304448
5.72073	304984
5.72905	305520
5.73737	306056
5.74569	306592
5.75401	307128
5.76233	307664
5.77065	308200
5.77897	308736
5.78729	309272
5.79561	309808
5.80393	310344
5.81225	310880
5.82057	311416
5.82889	311952
5.83721	312488
5.84553	313024
5.85385	313560
5.86217	314096
5.87049	314632
5.87881	315168
5.88713	315704
5.89545	316240
5.90377	316776
5.91209	317312
5.92041	317848
5.92873	318384
5.93705	318920
5.94537	319456
5.95369	319992
5.96201	320528
5.97033	321064
5.97865	321600
5.98697	322136
5.99529	322672
6.00361	323208
6.01193	323744
6.02025	324280
6.02857	324816
6.03689	325352
6.04521	325888
6.05353	326424
6.06185	326960
6.07017	327496
6.07849	328032
6.08681	328568
6.09513	329104
6.10345	329640
6.11177	330176
6.12009	330712
6.12841	331248
6.13673	331784
6.14505	332320
6.15337	332856
6.16169	333392
6.17001	333928
6.17833	334464
6.18665	335000
6.19497	335536
6.20329	336072
6.21161	336608
6.21993	337144
6.22825	337680
6.23657	338216
6.24489	338752
6.25321	339288
6.26153	339824
6.26985	340360
6.27817	340896
6.28649	341432
6.29481	341968
6.30313	342504
6.31145	343040
6.31977	343576
6.32809	344112
6.33641	344648
6.34473	345184
6.35305	345720
6.36137	346256
6.36969	346792
6.37801	347328
6.38633	347864
6.39465	348400
6.40297	348936
6.41129	349472
6.41961	350008
6.42793	350544
6.43625	351080
6.44457	351616
6.45289	352152
6.46121	352688
6.46953	353224
6.47785	353760
6.48617	354296
6.49449	354832
6.50281	355368
6.51113	355904
6.51945	356440
6.52777	356976
6.53609	357512
6.54441	358048
6.55273	358584
6.56105	359120
6.56937	359656
6.57769	360192
6.58601	360728
6.59433	361264
6.60265	361800
6.61097	362336
6.61929	362872
6.62761	363408
6.63593	363944
6.64425	364480
6.65257	365016
6.66089	365552
6.66921	366088
6.67753	366624
6.68585	367160
6.69417	367696
6.70249	368232
6.71081	368768
6.71913	369304
6.72745	369840
6.73577	370376
6.74409	370912
6.75241	371448
6.76073	371984
6.76905	372520
6.77737	373056
6.78569	373592
6.79401	374128
6.80233	374664
6.81065	375200
6.81897	375736
6.82729	376272
6.83561	376808
6.84393	377344
6.85225	377880
6.86057	378416
6.86889	378952
6.87721	379488
6.88553	380024
6.89385	380560
6.90217	381096
6.91049	381632
6.91881	382168
6.92713	382704
6.93545	383240
6.94377	383776
6.95209	384312
6.96041	384848
6.96873	385384
6.97705	385920
6.98537	386456
6.99369	386992
7.00201	387528
7.01033	388064
7.01865	388600
7.02697	389136
7.03529	389672
7.04361	390208
7.05193	390744
7.06025	391280
7.06857	391816
7.07689	392352
7.08521	392888
7.09353	393424
7.10185	393960
7.11017	394496
7.11849	395032
7.12681	395568
7.13513	396104
7.14345	396640
7.15177	397176
7.16009	397712
7.16841	398248
7.17673	398784
7.18505	399320
7.19337	399856
7.20169	400392
7.21001	400928
7.21833	401464
7.22665	402000
7.23497	402536
7.24329	403072
7.25161	403608
7.25993	404144
7.26825	404680
7.27657	405216
7.28489	405752
7.29321	406288
7.30153	406824
7.30985	407360
7.31817	407896
7.32649	408432
7.33481	408968
7.34313	409504
7.35145	410040
7.35977	410576
7.36809	411112
7.37641	411648
7.38473	412184
7.39305	412720
7.40137	413256
7.40969	413792
7.41801	414328
7.42633	414864
7.43465	415400
7.44297	415936
7.45129	416472
7.45961	417008
7.46793	417544
7.47625	418080
7.48457	418616
7.49289	419152
7.50121	419688
7.50953	420224
7.51785	420760
7.52617	421296
7.53449	421832
7.54281	422368
7.55113	422904
7.55945	423440
7.56777	423976
7.57609	424512
7.58441	425048
7.59273	425584
7.60105	426120
7.60937	426656
7.61769	427192
7.62601	427728
7.63433	428264
7.64265	428800
7.65097	429336
7.65929	429872
7.66761	430408
7.67593	430944
7.68425	431480
7.69257	432016
7.70089	432552
7.70921	433088
7.71753	433624
7.72585	434160
7.73417	434696
7.74249	435232
7.75081	435768
7.75913	436304
7.76745	436840
7.77577	437376
7.78409	437912
7.79241	438448
7.80073	438984
7.80905	439520
7.81737	440056
7.82569	440592
7.83401	441128
7.84233	441664
7.85065	442200
7.85897	442736
7.86729	443272
7.87561	443808
7.88393	444344
7.89225	444880
7.90057	445416
7.90889	445952
7.91721	446488
7.92553	447024
7.93385	447560
7.94217	448096
7.95049	448632
7.95881	449168
7.96713	449704
7.97545	450240
7.98377	450776
7.99209	451312
8.00041	451848
8.00873	452384
8.01705	452920
8.02537	453456
8.03369	453992
8.04201	454528
8.05033	455064
8.05865	455600
8.06697	456136
8.07529	456672
8.08361	457208
8.09193	457744
8.10025	458280
8.10857	458816
8.11689	459352
8.12521	459888
8.13353	460424
8.14185	460960
8.15017	461496
8.15849	462032
8.16681	462568
8.17513	463104
8.18345	463640
8.19177	464176
8.20009	464712
8.20841	465248
8.21673	465784
8.22505	466320
8.23337	466856
8.24169	467392
8.25001	467928
8.25833	468464
8.26665	469000
8.27497	469536
8.28329	470072
8.29161	470608
8.29993	471144
8.30825	471680
8.31657	472216
8.32489	472752
8.33321	473288
8.34153	473824
8.34985	474360
8.35817	474896
8.36649	475432
8.37481	475968
8.38313	476504
8.39145	477040
8.39977	477576
8.40809	478112
8.41641	478648
8.42473	479184
8.43305	479720
8.44137	480256
8.44969	480792
8.45801	481328
8.46633	481864
8.47465	482400
8.48297	482936
8.49129	483472
8.49961	484008
8.50793	484544
8.51625	485080
8.52457	485616
8.53289	486152
8.54121	486688
8.54953	487224
8.55785	487760
8.56617	488296
8.57449	488832
8.58281	489368
8.59113	489904
8.59945	490440
8.60777	490976
8.61609	491512
8.62441	492048
8.63273	492584
8.64105	493120
8.64937	493656
8.65769	494192
8.66601	494728
8.67433	495264
8.68265	495800
8.69097	496336
8.69929	496872
8.70761	497408
8.71593	497944
8.72425	498480
8.73257	499016
8.74089	499552
8.74921	500088
8.75753	500624
8.76585	501160
8.77417	501696
8.78249	502232
8.79081	502768
8.79913	503304
8.80745	503840
8.81577	504376
8.82409	504912
8.83241	505448
8.84073	505984
8.84905	506520
8.85737	507056
8.86569	507592
8.87401	508128
8.88233	508664
8.89065	509200
8.89897	509736
8.90729	510272
8.91561	510808
8.92393	511344
8.93225	511880
8.94057	512416
8.94889	512952
8.95721	513488
8.96553	514024
8.97385	514560
8.98217	515096
8.99049	515632
8.99881	516168
9.00713	516704
9.01545	517240
9.02377	517776
9.03209	518312
9.04041	518848
9.04873	519384
9.05705	519920
9.06537	520456
9.07369	520992
9.08201	521528
9.09033	522064
9.09865	522600
9.10697	523136
9.11529	523672
9.12361	524208
9.13193	524744
9.14025	525280
9.14857	525816
9.15689	526352
9.16521	526888
9.17353	527424
9.18185	527960
9.19017	528496
9.19849	529032
9.20681	529568
9.21513	530104
9.22345	530640
9.23177	531176
9.24009	531712
9.24841	532248
9.25673	532784
9.26505	533320
9.27337	533856
9.28169	534392
9.29001	534928
9.29833	535464
9.30665	536000
9.31497	536536
9.51608	537072
